0.01
0.01
0.0100001308114174
0.0100002034091637
0.0100002596491815
0.0100003053483482
0.01000034341336
0.0100003758168562
0.0100004037671215
0.0100004281788974
0.0100004496466754
0.0100004686397361
0.0100004855069954
0.0100005005267828
0.0100005139146871
0.0100005258406714
0.0100005364654677
0.010000545907339
0.0100005542627293
0.010000561616938
0.0100005680514634
0.0100005736245151
0.0100005783984002
0.0100005824258793
0.0100005857479569
0.010000588410197
0.010000590435214
0.0100005918792216
0.0100005927570871
0.0100005931027872
0.0100005929386321
0.0100005922913358
0.0100005911823495
0.0100005896217911
0.0100005876367927
0.010000585230209
0.0100005824206356
0.0100005792011983
0.0100005755796451
0.0100005715473376
0.0100005670929508
0.0100005621854007
0.0100005568046297
0.0100005508947398
0.0100005444027167
0.0100005372565891
0.0100005293536832
0.0100005205954698
0.0100005108414369
0.0100004999380834
0.0100004877118477
0.0100004739644022
0.0100004584769624
0.0100004410277545
0.0100004213794602
0.010000399306509
0.0100003745959434
0.0100003470704404
0.0100003166116824
0.0100002831647672
0.0100002467671668
0.0100002075799307
0.0100001658790898
0.0100001220802187
0.0100000767313623
0.010000030506707
0.009999984180736
0.00999993858612995
0.00999989459968556
0.00999985307019354
0.00999981477934089
0.00999978041167902
0.00999975048960706
0.00999972537635082
0.00999970520935841
0.00999968992237616
0.00999967922804053
0.00999967263876136
0.00999966951159444
0.0099996690930045
0.0099996705913845
0.00999967326042665
0.00999967642809203
0.00999967959960933
0.00999968243602875
0.00999968478061471
0.00999968664923423
0.00999968818641548
0.00999968964083619
0.00999969131139609
0.00999969350920125
0.00999969653961551
0.00999970064783193
0.00999970603241856
0.00999971282618094
0.00999972108332553
0.00999973080499436
0.00999974192783984
0.00999975432846145
0.00999976785385386
0.0099997822999809
0.00999979744942641
0.0099998130495416
0.00999982884866989
0.00999984458365149
0.00999986000253254
0.00999987485884638
0.00999988894243888
0.00999990206485286
0.00999991409118002
0.00999992492086442
0.00999993452311308
0.00999994290746787
0.00999995014381824
0.00999995635243222
0.00999996168968372
0.00999996634969646
0.00999997054810295
0.00999997450992045
0.00999997846603846
0.00999998263169688
0.00999998721032774
0.00999999237641095
0.00999999827601893
0.0100000050238109
0.0100000126952689
0.0100000213335576
0.0100000309456043
0.0100000415067445
0.0100000529630003
0.0100000652338131
0.0100000782192016
0.0100000918015135
0.0100001058481779
0.0100001202251046
0.0100001347878219
0.0100001493984077
0.0100001639237522
0.0100001782349484
0.0100001922200587
0.0100002057766807
0.01000021882019
0.0100002312807804
0.0100002431071806
0.0100002542658011
0.0100002647379029
0.0100002745236191
0.0100002836364568
0.0100002921093586
0.0100002999822256
0.0100003073128023
0.0100003141696285
0.0100003206289172
0.0100003267765446
0.0100003327064505
0.0100003385170199
0.0100003443069084
0.010000350176071
0.0100003562181053
0.0100003625209848
0.0100003691580869
0.0100003761848664
0.0100003836371682
0.0100003915220974
0.0100003998148121
0.010000408457138
0.0100004173530186
0.010000426368977
0.0100004353336317
0.0100004440410145
0.0100004522573633
0.0100004597258389
0.0100004661727647
0.0100004713192393
0.0100004748911389
0.0100004766280572
0.0100004762913459
0.010000473675302
0.0100004686092498
0.0100004609686975
0.0100004506695473
0.0100004376762851
0.0100004219951071
0.0100004036777232
0.0100003828090026
0.0100003595060172
0.0100003339109643
0.0100003061885672
0.0100002765147767
0.010000245075941
0.0100002120623376
0.0100001776659186
0.0100001420792968
0.0100001054949262
0.0100000681064318
0.0100000301098083
0.00999999170439651
0.00999995309549294
0.00999991449874665
0.00999987614191694
0.00999983825902356
0.00999980109739295
0.00999976491066464
0.00999972995102516
0.00999969647103526
0.00999966471059152
0.00999963488803691
0.00999960719288491
0.00999958177483756
0.00999955873391114
0.00999953811312413
0.0099995198879729
0.00999950396629462
0.00999949017846375
0.00999947828413904
0.00999946797043728
0.00999945885797662
0.00999945051328087
0.00999944245988645
0.00999943419113605
0.00999942519507121
0.00999941496962381
0.00999940305058742
0.00999938903725269
0.00999937261286183
0.00999935358104837
0.0099993318737071
0.00999930758456386
0.00999928096775762
0.00999925244621966
0.00999922260059329
0.009999192142618
0.00999916188290405
0.00999913267523098
0.00999910535325386
0.00999908066355541
0.00999905919061074
0.00999904130312323
0.00999902711405927
0.00999901646720889
0.00999900896364608
0.00999900401568851
0.00999900092209149
0.00999899894358907
0.00999899737865237
0.0099989956038287
0.00999899309134701
0.00999898940527307
0.00999898418575923
0.00999897712937544
0.0099989679791577
0.00999895652549317
0.00999894262007078
0.00999892619145931
0.00999890726522877
0.00999888597622996
0.00999886257452862
0.00999883741596088
0.00999881095286004
0.00999878371284049
0.00999875628152606
0.0099987292754343
0.00999870332156596
0.00999867903134014
0.00999865698120132
0.00999863768173643
0.00999862156455296
0.00999860895986193
0.00999860008647052
0.00999859504598554
0.00999859382570365
0.00999859630592383
0.00999860227998908
0.0099986114677954
0.00999862354324121
0.00999863815587229
0.00999865495546694
0.00999867361708845
0.00999869386551702
0.00999871549458394
0.00999873838070206
0.00999876248947438
0.00999878786162399
0.00999881458088021
0.00999884272287582
0.00999887227160675
0.00999890302822126
0.00999893451087272
0.0099989658665265
0.00999899582015055
0.00999902269211303
0.00999904448696851
0.00999905907613522
0.00999906444336529
0.0099990589602815
0.00999904163623693
0.00999901229047498
0.00999897161068695
0.009998921082644
0.00999886282283511
0.00999879934397814
0.00999873331208039
0.00999866733508233
0.00999860380248595
0.00999854479227509
0.00999849202410139
0.00999844684680964
0.00999841022981824
0.00999838274617602
0.00999836453179828
0.00999835523385354
0.00999835395840982
0.00999835925909069
0.00999836919062069
0.00999838145347766
0.00999839363994973
0.00999840356336871
0.0099984096269268
0.00999841116210803
0.00999840865909165
0.00999840381117453
0.00999839932197993
0.00999839847868005
0.00999840455354419
0.00999842014589123
0.00999844664293574
0.00999848392911811
0.00999853044678368
0.00999858357825241
0.0099986402355027
0.0099986974637838
0.00999875289334104
0.00999880494658896
0.00999885279793073
0.00999889616896634
0.00999893505601457
0.00999896948875928
0.00999899936921366
0.00999902440057043
0.00999904410065705
0.00999905786744391
0.00999906507439284
0.00999906517107839
0.00999905777025525
0.0099990427175548
0.00999902014092258
0.00999899046977578
0.00999895444075122
0.00999891307791062
0.00999886766053574
0.00999881967961764
0.00999877078243543
0.00999872271073817
0.00999867723691965
0.00999863609856892
0.00999860093123099
0.00999857321251243
0.00999855420926902
0.00999854494215073
0.00999854615729628
0.00999855831426045
0.0099985815781176
0.00999861581704944
0.0099986605940711
0.00999871515299907
0.00999877839723542
0.00999884886533317
0.00999892471431485
0.0099990037198298
0.00999908330425454
0.00999916060757922
0.00999923259851446
0.00999929623243354
0.00999934863675837
0.00999938731846142
0.00999941036912098
0.00999941663769886
0.00999940584945016
0.00999937865506584
0.00999933657532482
0.0099992818612082
0.00999921726317395
0.00999914574931463
0.00999907022312815
0.00999899328365107
0.00999891710630087
0.0099988434539427
0.00999877381308553
0.00999870959207228
0.00999865227526438
0.00999860344420897
0.0099985646126537
0.00999853690723502
0.00999852069388717
0.00999851529302903
0.00999851889750687
0.00999852873801132
0.00999854148422465
0.00999855377847734
0.00999856279197665
0.00999856667687908
0.0099985648419604
0.00999855799835735
0.00999854800165308
0.00999853752306947
0.0099985296367523
0.00999852738610993
0.00999853340289758
0.00999854961089792
0.0099985770399508
0.00999861574033167
0.00999866478768485
0.00999872236748928
0.00999878592368862
0.00999885236260779
0.00999891830707762
0.00999898038419385
0.00999903551896187
0.00999908121188058
0.0099991157452751
0.00999913829783545
0.0099991489388249
0.00999914850138473
0.00999913836796144
0.00999912019516282
0.00999909563675077
0.00999906610554103
0.0099990326091676
0.00999899567154096
0.00999895535631078
0.00999891136504354
0.00999886319081081
0.00999881030921374
0.00999875236478315
0.00999868932782795
0.00999862160444939
0.00999855007446158
0.00999847606677276
0.00999840125983515
0.00999832754448392
0.00999825685281055
0.00999819099523053
0.00999813151434404
0.00999807958524669
0.0099980359684761
0.00999800101162299
0.00999797469631457
0.00999795672378183
0.00999794660841593
0.00999794378686357
0.00999794770196262
0.00999795786888696
0.00999797390930482
0.00999799554880849
0.00999802258491707
0.00999805483096757
0.00999809205496711
0.00999813392106842
0.00999817995042181
0.00999822950493274
0.00999828179817725
0.00999833593024444
0.00999839093348461
0.0099984458278916
0.00999849967026207
0.00999855159897204
0.0099986008642449
0.00999864684741131
0.00999868907145076
0.00999872720190184
0.00999876104875048
0.00999879056471189
0.00999881583872592
0.00999883709076796
0.00999885466803308
0.00999886902893664
0.00999888073145902
0.00999889041101766
0.0099988987557393
0.0099989064776258
0.00999891428211765
0.009998922834707
0.00999893273209255
0.00999894446988173
0.00999895841725815
0.00999897479452209
0.0099989936492753
0.00999901484144008
0.00999903802830315
0.00999906265046154
0.00999908792564793
0.00999911285141911
0.00999913622299388
0.00999915667048795
0.00999917272555031
0.0099991829107207
0.00999918585705427
0.00999918042643507
0.00999916582785613
0.00999914170720874
0.00999910819126659
0.0099990658812457
0.00999901579004563
0.00999895924428559
0.00999889775685057
0.00999883290182309
0.00999876619957658
0.00999869902909013
0.00999863257439283
0.00999856780044002
0.00999850546046092
0.0099984461185597
0.00999839019087988
0.00999833798257604
0.00999828972607868
0.00999824560706976
0.00999820578138635
0.00999817037004904
0.0099981394463466
0.00999811300345812
0.00999809091621778
0.00999807289488229
0.00999805844613318
0.00999804684660305
0.00999803713649733
0.0099980281464744
0.00999801855857454
0.00999800700934692
0.00999799221871127
0.00999797314235023
0.00999794911669029
0.00999791998125125
0.00999788614372953
0.00999784858157265
0.00999780876914863
0.00999776854977126
0.00999772997258612
0.00999769513205552
0.00999766602730603
0.00999764445461137
0.00999763191445096
0.00999762951899815
0.00999763789679211
0.00999765709512814
0.00999768652649328
0.00999772499426545
0.00999777081525563
0.00999782203940193
0.00999787673145488
0.00999793325524418
0.00999799050040621
0.00999804800424497
0.00999810594428151
0.00999816501166232
0.00999822620005352
0.00999829055053915
0.00999835891069527
0.00999843173620773
0.00999850896135717
0.00999858994720542
0.00999867349650095
0.00999875793160826
0.00999884122028529
0.0099989211392668
0.00999899545383046
0.00999906210707078
0.00999911939168278
0.00999916608763896
0.00999920154802156
0.00999922571786977
0.0099992390862266
0.00999924257830997
0.00999923740939847
0.00999922491770083
0.00999920641100724
0.00999918303837527
0.00999915570221498
0.00999912501662392
0.00999909130588047
0.00999905464140777
0.00999901489431718
0.00999897180826281
0.00999892507378927
0.00999887440397106
0.00999881961085984
0.00999876067997386
0.00999869784000253
0.00999863163982614
0.00999856300312618
0.00999849327321104
0.00999842422278874
0.00999835802086669
0.00999829715317106
0.00999824428650995
0.00999820208798759
0.00999817302519502
0.00999815914768074
0.00999816189958312
0.00999818196474956
0.0099982191743846
0.00999827248464783
0.00999834003011745
0.00999841923798839
0.00999850700353897
0.00999859989724825
0.00999869437891884
0.00999878701056696
0.00999887463103757
0.00999895449565134
0.00999902437168164
0.00999908259536389
0.00999912810151869
0.0099991604361043
0.00999917974991147
0.00999918678313307
0.00999918282601982
0.00999916965384303
0.00999914943439762
0.0099991246056449
0.00999909773232523
0.00999907136136597
0.0099990478820991
0.00999902942328708
0.00999901777032127
0.00999901432560145
0.00999902008996384
0.00999903565817452
0.00999906122039159
0.00999909654900857
0.00999914097918296
0.0099991933683363
0.00999925207352585
0.00999931493569808
0.00999937932354024
0.009999442238145
0.00999950049827491
0.00999955099958587
0.00999959101453175
0.00999961849123603
0.00999963229032563
0.00999963232771767
0.00999961957833859
0.00999959596651254
0.00999956414971372
0.00999952724747181
0.00999948854490829
0.00999945121499974
0.00999941806212185
0.00999939130771036
0.00999937241266927
0.00999936193931108
0.00999935947557377
0.00999936363759957
0.00999937217458993
0.00999938219463249
0.00999939050777842
0.00999939404376504
0.0099993902934909
0.00999937769474192
0.00999935590164195
0.00999932586856626
0.00999928974792239
0.00999925060405636
0.00999921198956113
0.00999917745156604
0.00999915004990283
0.00999913196276399
0.00999912424460362
0.00999912675751261
0.00999913828062086
0.00999915675924314
0.0099991796334299
0.00999920418250549
0.00999922782694877
0.00999924835430466
0.00999926405115016
0.00999927374590179
0.00999927677981224
0.00999927293724686
0.00999926235169599
0.00999924540890373
0.0099992226660777
0.00999919478789388
0.0099991624993652
0.0099991265632117
0.00999908776697703
0.00999904691990706
0.00999900485502344
0.00999896243149246
0.00999892053133563
0.00999888005051376
0.00999884187959929
0.00999880687820923
0.00999877583822674
0.00999874943665074
0.00999872818532859
0.00999871237221035
0.00999870200333489
0.00999869674427905
0.00999869586864529
0.00999869822420988
0.00999870222171273
0.00999870586802753
0.00999870684721998
0.00999870267056073
0.00999869090799575
0.00999866949112801
0.00999863707143097
0.00999859339506333
0.00999853962101404
0.00999847848541046
0.00999841420922242
0.00999835205458721
0.00999829750033154
0.0099982551338506
0.00999822751572474
0.00999821440952369
0.00999821277352834
0.00999821766792575
0.00999822382666254
0.00999822725882744
0.00999822619643794
0.00999822101902286
0.00999821336280604
0.00999820494769326
0.00999819670548423
0.00999818851030739
0.00999817948184463
0.00999816861896937
0.00999815544925764
0.0099981404625633
0.00999812524597211
0.00999811230387511
0.00999810469137489
0.00999810554650388
0.00999811765487926
0.0099981431089848
0.00999818309635545
0.00999823782383824
0.00999830655237043
0.00999838771012532
0.00999847905862059
0.00999857787152175
0.00999868111629932
0.0099987856216089
0.00999888822709178
0.00999898591026776
0.0099990758947786
0.00999915573641153
0.00999922339218538
0.00999927726873524
0.00999931625466971
0.00999933972917055
0.00999934755006594
0.0099993400375982
0.00999931793468417
0.00999928236950727
0.00999923481008241
0.00999917702924393
0.00999911106671381
0.00999903919824518
0.00999896390542177
0.00999888783935122
0.00999881377714833
0.00999874455836836
0.00999868300668153
0.00999863182453193
0.00999859347225215
0.00999857003649591
0.00999856309638109
0.00999857361038659
0.00999860183084155
0.00999864726366552
0.0099987086790052
0.00999878417109439
0.00999887126313688
0.00999896703880938
0.00999906828470653
0.00999917163486668
0.00999927369479115
0.00999937115041863
0.00999946086883491
0.0099995399902759
0.00999960603956256
0.00999965705037828
0.00999969170124094
0.00999970944581524
0.00999971060000816
0.00999969636519938
0.00999966878355311
0.00999963062530086
0.00999958524554444
0.00999953644500889
0.00999948835535574
0.00999944536221677
0.00999941204012228
0.00999939306828205
0.00999939306810196
0.00999941632136553
0.00999946631312339
0.00999954509758807
0.00999965253748485
0.00999978553594021
0.00999993749691601
0.0100000982763646
0.010000254859004
0.0100003928171754
0.0100004983300325
0.0100005603008254
0.0100005720273039
0.0100005320014176
0.0100004437342228
0.0100003147626886
0.0100001552019794
0.00999997621960833
0.0099997887176867
0.00999960238598313
0.00999942514924832
0.00999926295934216
0.00999911984135269
0.00999899809222348
0.00999889855669051
0.00999882092289334
0.00999876401965438
0.00999872607445998
0.00999870493540621
0.00999869823885251
0.00999870352090737
0.00999871829074202
0.0099987400728292
0.00999876645759317
0.00999879517076089
0.00999882416190989
0.00999885170408588
0.00999887648633027
0.00999889766886275
0.00999891489366428
0.00999892823138314
0.00999893808180189
0.00999894503017196
0.00999894968456112
0.00999895252974188
0.00999895380394211
0.00999895343838884
0.00999895105732411
0.00999894605485108
0.00999893774020668
0.00999892553353861
0.00999890918806149
0.00999888901260895
0.00999886603638383
0.00999884208844622
0.00999881972967829
0.00999880199358142
0.00999879191700598
0.00999879189624516
0.00999880297000774
0.00999882422505173
0.00999885257090804
0.00999888307885606
0.00999890988297471
0.00999892743472567
0.00999893167428097
0.00999892073902395
0.00999889501944048
0.00999885665885698
0.00999880879223219
0.00999875483187003
0.00999869798990818
0.00999864107829029
0.00999858650310442
0.00999853631974423
0.00999849223203681
0.00999845550246332
0.00999842679818244
0.00999840608372009
0.00999839266679579
0.00999838545118108
0.00999838336237616
0.0099983858118168
0.00999839304459692
0.0099984062746859
0.00999842756337432
0.00999845950056127
0.00999850476460117
0.00999856564077183
0.00999864355275582
0.00999873866629092
0.0099988496189178
0.0099989734255395
0.00999910560844866
0.0099992405662318
0.00999937215127635
0.00999949437028816
0.00999960209419598
0.00999969163405943
0.00999976108231116
0.00999981036336011
0.00999984100659663
0.00999985571836701
0.00999985785309882
0.00999985090177266
0.00999983807253635
0.00999982201146817
0.00999980467234904
0.00999978731051804
0.00999977057010532
0.00999975462247079
0.00999973931693267
0.00999972432801043
0.00999970927943081
0.00999969383759913
0.00999967777075973
0.00999966098725954
0.00999964355516956
0.00999962568978343
0.0099996077461625
0.00999959018214945
0.00999957352830901
0.00999955834421203
0.00999954517181562
0.00999953449016583
0.00999952667407675
0.00999952195211432
0.00999952038059766
0.00999952183069419
0.00999952599187114
0.00999953239304721
0.00999954043971006
0.00999954947414025
0.00999955884186134
0.00999956796917385
0.00999957644049122
0.00999958406764234
0.00999959094793454
0.00999959750313861
0.00999960449201737
0.00999961299592232
0.00999962438594118
0.00999964025613301
0.00999966233916514
0.00999969240892615
0.00999973216365435
0.00999978311154774
0.00999984644939396
0.00999992294644052
0.0100000128378694
0.0100001157337294
0.0100002305515152
0.0100003554812721
0.0100004879959858
0.0100006249100131
0.0100007625005477
0.0100008966897058
0.010001023273065
0.0100011381852466
0.0100012377655955
0.0100013190002305
0.0100013797129301
0.0100014186707835
0.0100014356005337
0.010001431130835
0.0100014066476235
0.0100013641148892
0.010001305867704
0.010001234409317
0.0100011522283585
0.010001061656649
0.0100009647652708
0.0100008633020869
0.0100007586743444
0.0100006519532074
0.0100005439115764
0.0100004350770796
0.0100003257925936
0.010000216284259
0.0100001067316296
0.00999999733053084
0.0099998883608897
0.00999978023532691
0.00999967354730051
0.00999956910123856
0.00999946792104267
0.00999937124690847
0.00999928049303467
0.00999919719399269
0.00999912290854742
0.00999905910651332
0.00999900702473094
0.00999896751879499
0.0099989409034792
0.00999892680199858
0.00999892402637938
0.00999893049329526
0.00999894320575026
0.00999895830486387
0.00999897121142196
0.00999897685549263
0.00999896999401166
0.0099989456056245
0.00999889932393425
0.00999882788681194
0.00999872955654221
0.00999860446030646
0.00999845482450449
0.00999828504560119
0.00999810158557486
0.00999791263170009
0.00999772750170382
0.00999755576392696
0.00999740608901684
0.00999728496021686
0.00999719550612663
0.00999713685727178
0.0099971044589537
0.00999709148050131
0.00999709100100665
0.0099970981434777
0.00999711124685921
0.00999713158132347
0.00999716187272412
0.00999720438832776
0.00999725939176165
0.00999732445986503
0.00999739472179742
0.00999746381011783
0.0099975251817033
0.00999757345032549
0.00999760543176756
0.00999762069559643
0.00999762152916113
0.00999761238605614
0.00999759900236102
0.00999758742631685
0.00999758317831289
0.00999759066833005
0.00999761290865154
0.00999765150192475
0.00999770685458586
0.00999777855073791
0.00999786580713165
0.00999796789452098
0.00999808439735789
0.00999821516755164
0.00999835987637205
0.00999851714844022
0.00999868340536569
0.00999885175744451
0.00999901147742217
0.00999914862088813
0.00999924809143325
0.00999929682755047
0.00999928712133808
0.00999921880654591
0.00999909946091008
0.00999894264360975
0.00999876493292595
0.00999858283884809
0.0099984103991848
0.00999825784093362
0.00999813125314305
0.0099980330084646
0.00999796258723806
0.0099979175253064
0.00999789429140392
0.00999788898100998
0.0099978978007941
0.00999791735576367
0.00999794478407579
0.00999797779703649
0.00999801466405576
0.00999805419228449
0.00999809572007365
0.00999813913314477
0.00999818490496926
0.00999823415259051
0.00999828867386808
0.0099983509298159
0.00999842390940781
0.00999851079410782
0.00999861436402796
0.00999873613655061
0.0099988753330524
0.00999902793001087
0.00999918618802022
0.00999933905215912
0.00999947360436138
0.00999957733587469
0.00999964059943981
0.00999965845091922
0.00999963134266478
0.00999956457033692
0.00999946683553687
0.00999934847079466
0.00999921982362521
0.00999909009990001
0.00999896674800842
0.00999885530837337
0.00999875957477841
0.00999868191817041
0.00999862363364894
0.00999858524088853
0.00999856670392241
0.00999856757079071
0.009998587043762
0.00999862402043963
0.0099986771199074
0.00999874472359581
0.00999882502654556
0.00999891610447627
0.00999901597175212
0.00999912262383355
0.00999923405019351
0.00999934821869846
0.00999946305430293
0.00999957643224494
0.00999968621330085
0.00999979033206992
0.00999988693483952
0.00999997452569146
0.0100000520817318
0.0100001190768752
0.0100001753936298
0.0100002211273634
0.0100002563418051
0.0100002808550274
0.0100002941575276
0.0100002954966041
0.0100002841278028
0.0100002596434681
0.0100002222613244
0.0100001729630845
0.0100001134353968
0.0100000458302425
0.0099999724275022
0.00999989529732213
0.00999981605676719
0.00999973576989295
0.00999965498735453
0.00999957390311302
0.00999949256796917
0.00999941110088994
0.0099993298653116
0.00999924957401258
0.00999917131089822
0.00999909647799207
0.0099990266802895
0.00999896355575263
0.00999890858602206
0.00999886290111707
0.0099988271217656
0.00999880126030413
0.00999878469471837
0.00999877625345551
0.00999877439131759
0.00999877745662783
0.00999878401088318
0.00999879316832018
0.00999880488214132
0.00999882010680396
0.00999884075979895
0.00999886939811571
0.00999890857527131
0.00999895991141554
0.00999902302065962
0.00999909458794508
0.00999916799578636
0.00999923384763534
0.00999928149977385
0.00999930127675584
0.00999928668394528
0.00999923585093189
0.00999915175173168
0.00999904127289851
0.00999891357670477
0.0099987783537412
0.00999864440964939
0.00999851878549374
0.00999840641886979
0.00999831021450926
0.00999823135496097
0.00999816970654536
0.00999812420125166
0.00999809313216911
0.0099980743259
0.00999806521945926
0.00999806288088751
0.00999806406705687
0.00999806541811859
0.00999806387214238
0.0099980573396481
0.0099980455517102
0.00999803088728227
0.00999801882138943
0.00999801756090555
0.00999803649211421
0.00999808338253288
0.00999816091253199
0.0099982639040156
0.00999837897599508
0.00999848764937668
0.00999857208433536
0.00999862083698187
0.00999863188478666
0.00999861184807523
0.0099985724611451
0.00999852633699757
0.00999848368509819
0.00999845067291981
0.00999842928967103
0.0099984181790359
0.00999841389014197
0.00999841213980661
0.00999840884701805
0.00999840085830776
0.0099983863518071
0.00999836496899331
0.00999833773311957
0.00999830681437129
0.00999827519970613
0.00999824630627652
0.00999822358652313
0.00999821014680491
0.0099982084193133
0.00999821991501418
0.00999824507425076
0.00999828323549393
0.0099983327230914
0.00999839103577488
0.00999845510698337
0.00999852158451195
0.00999858707292752
0.00999864827637259
0.00999870200293383
0.00999874503635526
0.00999877394361943
0.00999878494557816
0.00999877402719693
0.00999873741301885
0.00999867241589266
0.00999857848032417
0.00999845808462637
0.00999831715244757
0.00999816474331434
0.00999801204199611
0.00999787086333817
0.00999775203542029
0.00999766398754811
0.00999761178499055
0.00999759671304024
0.00999761641104359
0.00999766547670847
0.00999773640440647
0.00999782071914492
0.00999791012554629
0.00999799754285661
0.00999807787762906
0.00999814845493155
0.00999820907244069
0.00999826170369771
0.00999830994854369
0.00999835832624703
0.00999841155755445
0.00999847393895449
0.00999854888649795
0.00999863868001416
0.00999874439550447
0.00999886597090502
0.00999900236497073
0.00999915173429037
0.00999931159927809
0.00999947896547113
0.00999965041790116
0.00999982218435292
0.00999999021143868
0.0100001502791607
0.0100002981787659
0.0100004299736178
0.0100005423001065
0.0100006326973632
0.0100006998850111
0.010000743925889
0.0100007662500138
0.0100007695028738
0.0100007572626742
0.0100007336566492
0.0100007029657863
0.010000669257424
0.0100006361084069
0.0100006064265921
0.0100005823804436
0.0100005654140305
0.0100005563202835
0.0100005553512621
0.0100005623452486
0.0100005768413532
0.0100005981846998
0.0100006256108088
0.010000658305593
0.0100006954512254
0.010000736255558
0.0100007799679868
0.0100008258871055
0.0100008733645725
0.0100009218013498
0.0100009706508766
0.0100010194124909
0.0100010676304633
0.0100011148924945
0.010001160831539
0.0100012051216661
0.0100012474827863
0.0100012876759239
0.0100013255094461
0.0100013608298811
0.0100013935269068
0.0100014235262628
0.0100014507860933
0.0100014752929612
0.0100014970568853
0.0100015161059438
0.010001532481119
0.0100015462335088
0.0100015574171067
0.0100015660918547
0.0100015723212874
0.0100015761719482
0.0100015777169464
0.0100015770360717
0.0100015742235559
0.0100015693880013
0.0100015626542735
0.0100015541648675
0.0100015440813365
0.0100015325801836
0.0100015198452998
0.0100015060629417
0.0100014914148354
0.0100014760630175
0.010001460143813
0.0100014437617868
0.0100014269796129
0.0100014098194493
0.0100013922680775
0.0100013742832799
0.0100013558027172
0.0100013367659347
0.0100013171294382
0.0100012968895316
0.0100012761037073
0.0100012549136135
0.0100012335620473
0.0100012124171495
0.0100011919845509
0.0100011729207403
0.0100011560487388
0.0100011423593251
0.010001133007135
0.0100011292957881
0.0100011326403175
0.0100011445034084
0.0100011662932252
0.0100011992181191
0.0100012440890863
0.0100013010758424
0.0100013694438966
0.0100014473004396
0.0100015314170761
0.0100016172093494
0.0100016989376326
0.0100017701659815
0.0100018244559637
0.0100018561823275
0.0100018613038781
0.0100018379201223
0.0100017864806944
0.0100017096305266
0.0100016117375854
0.0100014982521902
0.0100013750240626
0.0100012477110106
0.010001121336337
0.0100010000210247
0.0100008868755378
0.0100007840167727
0.0100006926652473
0.010000613289838
0.0100005457708745
0.0100004895570348
0.0100004438045079
0.0100004074940292
0.0100003795180811
0.0100003587417431
0.0100003440511173
0.0100003343816731
0.0100003287521919
0.0100003262892101
0.0100003262503869
0.0100003280257036
0.0100003311064034
0.0100003350069797
0.0100003391541862
0.0100003427469659
0.0100003446386127
0.0100003432792193
0.0100003367633562
0.0100003230035834
0.0100003000484132
0.0100002664971079
0.0100002219861967
0.0100001676381143
0.0100001063926152
0.0100000430713185
0.00999998404589831
0.00999993638821812
0.00999990647631442
0.00999989823212102
0.0099999114654915
0.00999994104801683
0.00999997763791982
0.0100000101307948
0.0100000291248021
0.0100000299684085
0.0100000140714361
0.00999998805268649
0.00999996135819172
0.00999994349744361
0.00999994186686876
0.00999996061519603
0.0100000004976415
0.0100000594138762
0.0100001332789404
0.0100002169380228
0.0100003049726172
0.01000039231703
0.010000474661871
0.0100005486863602
0.0100006121373255
0.010000663793944
0.0100007033641429
0.0100007313254251
0.0100007487459142
0.0100007571034212
0.0100007581094515
0.0100007535589656
0.0100007452077422
0.0100007346839083
0.0100007234266547
0.0100007126580885
0.010000703370885
0.0100006963331941
0.0100006921024726
0.0100006910436399
0.0100006933507304
0.010000699082961
0.0100007082097419
0.0100007206761305
0.0100007364849648
0.0100007557889175
0.0100007789837268
0.0100008067752425
0.0100008402071068
0.0100008805964484
0.0100009293555174
0.0100009876584828
0.0100010559396671
0.0100011332579865
0.0100012166360903
0.010001300590196
0.0100013771246143
0.010001436447686
0.0100014684727638
0.0100014648342723
0.0100014208576068
0.0100013368290991
0.0100012181432873
0.0100010743208809
0.0100009172720862
0.0100007593574902
0.0100006117148015
0.0100004831305843
0.0100003795109982
0.0100003038589744
0.0100002566063771
0.0100002361324929
0.0100002393504779
0.0100002622630952
0.0100003004477976
0.0100003494421222
0.0100004050349077
0.0100004634615721
0.0100005215212618
0.0100005766303728
0.0100006268229038
0.0100006707172726
0.0100007074570868
0.0100007366380695
0.0100007582276788
0.0100007724868099
0.0100007798946548
0.0100007810751512
0.0100007767367601
0.0100007676165831
0.0100007544322817
0.0100007378451997
0.0100007184265793
0.0100006966369988
0.0100006728135158
0.0100006471593125
0.0100006197517211
0.0100005905496788
0.0100005594184557
0.0100005261610325
0.0100004905615182
0.0100004524419241
0.010000411729268
0.010000368541753
0.0100003232791559
0.0100002767296846
0.0100002301769043
0.0100001855005405
0.0100001452566644
0.0100001127092006
0.0100000917768513
0.01000008685514
0.010000102444554
0.0100001425517344
0.0100002098275542
0.0100003045195888
0.0100004234188127
0.0100005591384907
0.0100007001474054
0.0100008318836238
0.0100009389350343
0.0100010078005547
0.0100010293935816
0.0100010005165657
0.0100009239156035
0.010000807108057
0.0100006605267139
0.0100004955953166
0.0100003231674758
0.0100001525352259
0.0099999909823411
0.0099998437564855
0.00999971429190206
0.00999960453379557
0.00999951525601008
0.00999944631583635
0.00999939683266916
0.00999936530422216
0.00999934968601181
0.00999934745942161
0.00999935571377543
0.00999937124352762
0.00999939066958326
0.00999941059089773
0.0099994277726098
0.00999943936603265
0.00999944315512469
0.00999943779188385
0.00999942300361966
0.00999939971526275
0.00999937006878559
0.0099993373340782
0.00999930570044838
0.00999927997636853
0.00999926521153725
0.00999926625283997
0.00999928726061255
0.00999933120771653
0.00999939941377755
0.00999949119118398
0.0099996037092515
0.00999973216194651
0.00999987027008848
0.0100000110564014
0.0100001477263393
0.0100002744411716
0.0100003868115634
0.0100004820388995
0.0100005587518162
0.0100006166647254
0.0100006561872489
0.0100006781072228
0.0100006833828036
0.0100006730552379
0.0100006482659592
0.010000610320881
0.0100005607836376
0.0100005015475868
0.01000043487584
0.0100003633916068
0.0100002900089654
0.0100002178153138
0.0100001499098146
0.010000089222342
0.0100000383235193
0.00999999925778259
0.00999997340453605
0.00999996138539526
0.00999996301073796
0.00999997726826159
0.0100000023490963
0.0100000357232541
0.0100000742780104
0.0100001145347166
0.0100001529521957
0.010000186304359
0.0100002120795737
0.0100002288396482
0.0100002364538233
0.010000236112757
0.0100002300728909
0.0100002211011481
0.010000211665834
0.0100002030420557
0.010000194592329
0.0100001835576387
0.0100001656201435
0.0100001362531697
0.0100000925003376
0.0100000345343538
0.00999996634533047
0.00999989525614749
0.00999983044138827
0.00999978099983955
0.00999975419423688
0.00999975430000534
0.00999978218681488
0.00999983556896344
0.00999990968469098
0.0099999981813024
0.0100000940194694
0.0100001902688665
0.010000280741001
0.0100003604283914
0.01000042576345
0.0100004747114775
0.0100005067185805
0.0100005225493209
0.0100005240375255
0.0100005137797819
0.0100004948086446
0.010000470266043
0.010000443118919
0.0100004159208974
0.0100003906600966
0.0100003686776066
0.0100003506813894
0.0100003368278475
0.0100003268712412
0.0100003203545194
0.0100003168254863
0.0100003160512243
0.0100003182161592
0.010000324080679
0.0100003350834849
0.0100003533748413
0.0100003817568308
0.0100004235170839
0.0100004821331006
0.0100005608253604
0.0100006619523002
0.0100007862672951
0.0100009321105262
0.0100010946979842
0.0100012657402793
0.0100014336717821
0.0100015847047011
0.0100017046932373
0.0100017814867385
0.0100018071768468
0.0100017795881814
0.0100017025766282
0.0100015851011352
0.0100014394274139
0.0100012790085959
0.0100011165739009
0.0100009627503265
0.010000825336972
0.0100007091557569
0.0100006163297146
0.0100005467890246
0.0100004988648186
0.0100004698525659
0.0100004564954948
0.0100004553605354
0.0100004631105985
0.0100004766826177
0.0100004934001978
0.0100005110310014
0.0100005278061725
0.0100005424183491
0.0100005540011012
0.0100005620985194
0.0100005666289913
0.0100005678419437
0.0100005662730876
0.0100005626915387
0.0100005580468554
0.0100005534126397
0.0100005499244419
0.0100005487223431
0.0100005508902714
0.0100005574012413
0.0100005690651839
0.0100005864888804
0.0100006100453371
0.010000639852489
0.0100006757644735
0.0100007173796733
0.0100007640566431
0.0100008149403269
0.0100008689990138
0.0100009250612023
0.0100009818555342
0.0100010380470828
0.0100010922648548
0.0100011431210551
0.0100011892153873
0.0100012291295189
0.010001261411373
0.0100012845520185
0.0100012969793984
0.0100012970586289
0.0100012831312841
0.010001253589253
0.0100012070021208
0.010001142288439
0.0100010589323205
0.0100009572265537
0.0100008385239248
0.0100007054661997
0.0100005621848716
0.0100004144312074
0.0100002696313536
0.0100001368387821
0.0100000265516187
0.00999995032645205
0.00999992011492844
0.00999994717316687
0.0100000404326568
0.0100002042963196
0.0100004360600257
0.0100007235736277
0.0100010442006509
0.0100013662597052
0.0100016535762436
0.01000187241342
0.0100019986216235
0.0100020224051608
0.0100019490893085
0.0100017961238489
0.0100015879023544
0.0100013503654618
0.0100011067597698
0.0100008751198782
0.0100006673690135
0.0100004895986712
0.0100003430624759
0.010000225481041
0.0100001324064315
0.0100000584890612
0.00999999855882303
0.00999994845580532
0.00999990555415113
0.00999986896096127
0.00999983938018342
0.00999981870068363
0.00999980941124251
0.00999981395005203
0.00999983411454382
0.00999987061063867
0.00999992279798223
0.00999998863274166
0.0100000647940928
0.0100001469526264
0.0100002301294358
0.0100003091003232
0.0100003788033227
0.010000434703099
0.0100004730958414
0.010000491319298
0.0100004878695835
0.0100004623899001
0.0100004155537588
0.0100003488296906
0.01000026417242
0.0100001636819076
0.0100000493193298
0.00999992277279305
0.00999978555985589
0.00999963938020989
0.00999948664357658
0.00999933098541298
0.00999917755468958
0.00999903292030285
0.00999890456018592
0.00999880003967864
0.00999872607188916
0.00999868764443828
0.00999868731668875
0.00999872476528216
0.00999879658017046
0.00999889637282604
0.00999901523260495
0.00999914257088514
0.00999926733030406
0.00999937942489086
0.00999947115935796
0.00999953832173169
0.00999958067027317
0.00999960167685746
0.00999960758936397
0.00999960605508096
0.00999960469392198
0.00999960994275567
0.00999962639812365
0.00999965667544244
0.00999970164970493
0.0099997608692256
0.0099998329658779
0.00999991597327592
0.0100000075427586
0.0100001051082775
0.0100002060507001
0.0100003078801388
0.0100004084322244
0.0100005060653659
0.0100005998201463
0.0100006895292363
0.0100007758520577
0.0100008602350295
0.0100009447794826
0.010001032005515
0.01000112449887
0.0100012244144045
0.0100013328472675
0.0100014491139197
0.0100015700559031
0.0100016895658822
0.0100017986101287
0.0100018859811492
0.0100019398480109
0.0100019498704025
0.0100019093676851
0.0100018168820777
0.0100016766649974
0.0100014979830062
0.0100012935366211
0.0100010774864442
0.0100008635978612
0.0100006638338906
0.0100004875278511
0.0100003410805305
0.0100002280725622
0.010000149619627
0.0100001048509795
0.010000091412212
0.0100001059326326
0.0100001444243663
0.0100002026195981
0.0100002762281984
0.0100003611355022
0.0100004535401956
0.0100005500478959
0.0100006477180104
0.0100007440764607
0.0100008371007764
0.0100009251854343
0.0100010070906174
0.0100010818887274
0.0100011489106067
0.0100012076996055
0.0100012579749484
0.0100012996074717
0.0100013326132982
0.0100013571513764
0.0100013735319967
0.0100013822280052
0.0100013838871158
0.010001379328802
0.0100013695360676
0.0100013556339848
0.0100013388514938
0.0100013204695722
0.0100013017668383
0.0100012839560684
0.0100012681218886
0.0100012551691254
0.0100012457788551
0.0100012403795878
0.010001239134827
0.0100012419431489
0.0100012484594246
0.010001258117789
0.0100012701734419
0.0100012837433156
0.0100012978549847
0.0100013114926064
0.0100013236451067
0.0100013333484718
0.0100013397264669
0.0100013420262295
0.0100013396502621
0.0100013321857148
0.0100013194225841
0.01000130137523
0.0100012782950828
0.0100012506764993
0.0100012192584677
0.0100011850165277
0.0100011491458671
0.0100011130318853
0.0100010782021112
0.0100010462618055
0.0100010188083154
0.0100009973188752
0.0100009830243331
0.0100009767687469
0.0100009788762367
0.0100009890444491
0.0100010062855492
0.0100010289550982
0.0100010548647947
0.0100010814910465
0.0100011062531756
0.0100011268141597
0.0100011413507811
0.0100011487456601
0.0100011486688561
0.0100011415421252
0.0100011284027579
0.0100011107097431
0.0100010901182189
0.0100010682797779
0.0100010466681708
0.0100010264614166
0.0100010084762508
0.0100009931465711
0.0100009805397655
0.0100009704053492
0.0100009622425408
0.0100009553809506
0.0100009490714388
0.0100009425720775
0.0100009352304279
0.0100009265479826
0.0100009162214932
0.0100009041533658
0.0100008904311894
0.0100008752878912
0.0100008590364584
0.0100008420102731
0.0100008245103597
0.0100008067777562
0.0100007889915065
0.0100007712916897
0.0100007538163913
0.0100007367472027
0.0100007203409053
0.0100007049479397
0.0100006910101852
0.010000679033098
0.0100006695489214
0.0100006630665123
0.0100006600274665
0.0100006607614571
0.010000665461282
0.0100006741657459
0.0100006867619805
0.0100007029883275
0.0100007224485287
0.0100007446246963
0.0100007688801054
0.0100007944578695
0.0100008204655718
0.0100008458553861
0.0100008693953207
0.0100008896600893
0.010000905020343
0.0100009136740091
0.0100009137007089
0.0100009031636457
0.0100008802409632
0.0100008433967568
0.0100007915532971
0.0100007242476929
0.0100006417192676
0.0100005448717007
0.0100004350493044
0.0100003136118227
0.0100001813591226
0.0100000380415998
0.00999988230330733
0.00999971246489108
0.00999952823420543
0.00999933288236341
0.00999913485675571
0.00999894776684421
0.00999878832966104
0.00999867285592483
0.00999861353753063
0.00999861575964372
0.00999867711274853
0.00999878810229746
0.00999893412877354
0.00999909811649558
0.00999926323657337
0.00999941525158764
0.00999954416456826
0.00999964498918283
0.00999971764706281
0.00999976612450605
0.0099997971522845
0.00999981870702461
0.00999983861293688
0.00999986347549882
0.00999989805695645
0.00999994510846302
0.0100000055821083
0.0100000790744884
0.0100001643638135
0.0100002599088028
0.0100003642269733
0.0100004761257239
0.0100005947598205
0.0100007195673568
0.0100008500795758
0.0100009856618547
0.0100011252076369
0.0100012668415223
0.0100014076825601
0.0100015437393796
0.0100016700103503
0.0100017808343242
0.0100018704860563
0.0100019339626972
0.0100019677950952
0.0100019706938149
0.0100019438625081
0.0100018908774942
0.0100018171517792
0.010001729119659
0.0100016333291002
0.0100015356478396
0.0100014407154203
0.0100013516752972
0.010001270202216
0.0100011967310621
0.0100011308116997
0.0100010715158643
0.0100010178357758
0.010000969023508
0.0100009248577922
0.0100008858029996
0.0100008530344512
0.010000828283447
0.010000813523659
0.0100008105393231
0.0100008204657082
0.0100008434411432
0.0100008784925406
0.0100009237110348
0.0100009766145287
0.0100010346280274
0.0100010954749215
0.0100011574246546
0.0100012193595372
0.0100012807261142
0.0100013414027594
0.0100014015679661
0.0100014616000444
0.0100015219972283
0.0100015833389842
0.0100016462456971
0.0100017113745982
0.0100017793938131
0.0100018509552525
0.0100019266778973
0.0100020071140429
0.0100020927279559
0.010002183860242
0.0100022806998191
0.0100023832731549
0.0100024914208144
0.0100026047898127
0.0100027228241292
0.0100028447741857
0.0100029696994539
0.0100030964893373
0.0100032238676361
0.0100033504341867
0.0100034746755607
0.0100035950096482
0.0100037098076871
0.0100038174416571
0.0100039163084149
0.0100040048750698
0.010004081706128
0.0100041454900263
0.0100041950682049
0.0100042294414312
0.010004247787477
0.0100042494542744
0.0100042339640875
0.0100042009906899
0.0100041503545321
0.0100040820026927
0.0100039959981929
0.0100038925084891
0.0100037718155322
0.0100036343313755
0.0100034806138162
0.0100033114265878
0.0100031277986146
0.0100029310908789
0.0100027230902323
0.0100025060724525
0.0100022828609401
0.010002056855207
0.0100018319770502
0.0100016125750379
0.0100014032255793
0.010001208490952
0.0100010326114479
0.0100008791944698
0.0100007509046861
0.0100006492436775
0.0100005743836546
0.0100005251314346
0.0100004989952277
0.0100004923752483
0.0100005008225016
0.0100005194049504
0.0100005430747252
0.0100005670702377
0.0100005872637806
0.0100006004411221
0.0100006044706024
0.0100005983783784
0.010000582285736
0.0100005572685559
0.0100005251433861
0.0100004882134907
0.0100004490099386
0.0100004100668612
0.0100003737141959
0.0100003419527602
0.0100003163683562
0.0100002981224193
0.0100002879941387
0.0100002864493556
0.010000293742153
0.0100003099939717
0.0100003352682777
0.0100003695879708
0.0100004129202446
0.0100004651094405
0.0100005257659041
0.0100005941297827
0.010000668896474
0.0100007481076023
0.0100008290720444
0.0100009084115504
0.0100009822592047
0.0100010466095997
0.0100010977969478
0.0100011330281949
0.0100011508061622
0.0100011512024677
0.0100011358169631
0.0100011075018837
0.010001069866519
0.0100010267387789
0.0100009816671107
0.0100009375644037
0.0100008965402396
0.0100008598800499
0.0100008281469427
0.0100008013455668
0.0100007790975023
0.0100007608055573
0.0100007457909589
0.0100007333838254
0.0100007229927662
0.010000714139317
0.0100007064663263
0.0100006997421672
0.0100006938395854
0.0100006887224414
0.0100006844229139
0.010000681014455
0.010000678601067
0.0100006772935082
0.0100006771967449
0.0100006784012237
0.010000680981891
0.010000684981316
0.0100006904128562
0.0100006972517211
0.0100007054259831
0.0100007148100114
0.0100007252083691
0.0100007363483666
0.010000747874935
0.0100007593482127
0.0100007702555239
0.0100007800357778
0.0100007881121223
0.0100007939434887
0.0100007970688238
0.0100007971417766
0.0100007939540283
0.0100007874250336
0.0100007775696509
0.0100007644501472
0.010000748126072
0.010000728618199
0.0100007058903003
0.010000679885114
0.0100006505736073
0.0100006180496677
0.0100005826365626
0.0100005449985274
0.0100005062429337
0.0100004679914406
0.0100004323963684
0.0100004020873138
0.0100003799939775
0.0100003690555073
0.0100003717867595
0.0100003897587408
0.0100004230870936
0.0100004700927975
0.0100005273038204
0.0100005899161972
0.0100006526554002
0.0100007108160997
0.0100007611534168
0.0100008023444313
0.0100008349323101
0.0100008608536716
0.0100008827613166
0.0100009033751867
0.0100009249941266
0.0100009492360323
0.0100009769616677
0.0100010083526517
0.0100010430522891
0.0100010803410335
0.0100011192974717
0.0100011589358698
0.0100011983024492
0.0100012365482748
0.0100012729663515
0.010001307008056
0.0100013382839295
0.010001366555907
0.0100013917129241
0.0100014137540663
0.0100014327617212
0.0100014488809355
0.0100014622966864
0.0100014732126338
0.0100014818392204
0.0100014883802493
0.0100014930268858
0.0100014959494181
0.0100014972972913
0.0100014971972771
0.0100014957502961
0.0100014930279641
0.0100014890705524
0.0100014838795025
0.0100014774098911
0.0100014695628979
0.0100014601756606
0.0100014490122152
0.0100014357570907
0.0100014200133174
0.0100014012964662
0.0100013790462205
0.0100013526334653
0.0100013213833792
0.0100012846056826
0.0100012416313244
0.0100011918639191
0.0100011348341879
0.0100010702617931
0.0100009981221097
0.0100009187088955
0.0100008326954232
0.0100007411889587
0.0100006457833894
0.0100005486008119
0.010000452333188
0.0100003602811794
0.0100002763855337
0.0100002052457716
0.0100001521044723
0.0100001227597736
0.0100001233507214
0.0100001599416421
0.0100002378192216
0.0100003604408327
0.0100005280723475
0.0100007363075521
0.010000974897856
0.0100012275185506
0.0100014730486962
0.0100016885432898
0.0100018533262587
0.0100019529965904
0.010001982021264
0.0100019441425308
0.0100018507066892
0.0100017177231839
0.0100015626764162
0.0100014018614936
0.0100012486458065
0.0100011126754322
0.0100009998382091
0.0100009127076361
0.0100008512302724
0.010000813467867
0.0100007962804749
0.0100007958965616
0.0100008083488157
0.0100008297952869
0.0100008567295514
0.0100008861104106
0.0100009154330631
0.0100009427442052
0.0100009666374022
0.0100009862163436
0.0100010010463707
0.010001011098287
0.0100010166791239
0.0100010183637057
0.010001016919856
0.010001013236351
0.0100010082459743
0.010001002853466
0.0100009978660234
0.0100009939237143
0.0100009914487098
0.0100009906006191
0.0100009912535783
0.0100009930010381
0.0100009951877275
0.0100009969788342
0.0100009974574782
0.010000995741729
0.0100009911077781
0.0100009830931136
0.0100009715553782
0.0100009566647714
0.0100009388369004
0.0100009186011494
0.0100008964617475
0.0100008727668749
0.0100008476406127
0.0100008209785975
0.0100007925287106
0.0100007620322458
0.0100007294158632
0.0100006950060807
0.0100006597453528
0.010000625407658
0.0100005947899087
0.0100005718647123
0.0100005618682635
0.0100005712748332
0.0100006075552843
0.0100006785874186
0.0100007915411086
0.0100009510734194
0.0100011568308251
0.0100014006333028
0.0100016643163856
0.0100019197235592
0.0100021322001336
0.0100022676348015
0.0100023009906852
0.0100022229027544
0.0100020416007706
0.0100017797799171
0.0100014683204374
0.0100011395111001
0.0100008218071605
0.0100005368828445
0.0100002987964366
0.0100001146021654
0.00999998571069592
0.00999990944949451
0.00999988050234783
0.00999989207859286
0.00999993678087249
0.0100000072078531
0.010000096355656
0.0100001978668065
0.0100003061826709
0.0100004166206719
0.0100005253947868
0.0100006295818928
0.0100007270487943
0.0100008163499052
0.0100008966076801
0.0100009673987685
0.0100010286482219
0.0100010805426686
0.010001123464842
0.0100011579378103
0.0100011845847801
0.0100012040981987
0.0100012172119148
0.0100012246775045
0.0100012272439125
0.0100012256369789
0.0100012205468176
0.0100012126094041
0.0100012024015661
0.010001190430478
0.0100011771345535
0.0100011628849127
0.0100011479938559
0.010001132724034
0.0100011173043992
0.010001101946431
0.0100010868603612
0.01000107227147
0.0100010584298079
0.0100010456131554
0.0100010341197177
0.0100010242442856
0.0100010162434562
0.0100010102839002
0.0100010063800995
0.0100010043348612
0.0100010036843692
0.0100010036661769
0.0100010032215422
0.0100010010443156
0.0100009956733133
0.0100009856416677
0.0100009696676338
0.0100009468829085
0.0100009170772403
0.0100008809390256
0.0100008402598403
0.0100007980545312
0.0100007585383985
0.0100007268735754
0.0100007085929832
0.0100007086168822
0.0100007298539522
0.0100007715458871
0.0100008277839988
0.0100008868984941
0.0100009324545981
0.0100009462095652
0.0100009125075681
0.0100008227052631
0.0100006779416848
0.0100004892197807
0.0100002749178214
0.0100000568297385
0.00999985609576085
0.00999969008873543
0.00999957068906063
0.00999950388756733
0.00999949035553804
0.00999952654617433
0.00999960596308787
0.00999972036501347
0.00999986076959571
0.0100000182257375
0.010000184357461
0.0100003517248015
0.010000514029181
0.0100006662114384
0.0100008044653057
0.010000926185901
0.0100010298782789
0.0100011150312689
0.0100011819746595
0.0100012317320614
0.0100012658739041
0.0100012863806076
0.0100012955211871
0.0100012957377226
0.0100012895378386
0.0100012793970056
0.0100012676624851
0.0100012564709591
0.0100012476756869
0.0100012427905119
0.0100012429534868
0.0100012489061128
0.0100012609912064
0.0100012791608377
0.0100013029891204
0.0100013316939946
0.010001364147742
0.0100013988962675
0.0100014341649016
0.0100014678694686
0.0100014976244893
0.0100015207630652
0.0100015343655872
0.010001535316028
0.0100015203845233
0.0100014863485687
0.0100014301558515
0.0100013491276792
0.0100012412019603
0.0100011052005041
0.0100009411153305
0.0100007503955939
0.0100005362137948
0.0100003036940386
0.0100000600816602
0.00999981480571016
0.00999957937426964
0.0099993670068457
0.00999919183155825
0.00999906748680486
0.00999900498383826
0.00999900992363455
0.00999907960493763
0.00999920114871096
0.00999935209379745
0.00999950441764829
0.00999963134423408
0.00999971449732253
0.00999974831131126
0.00999973999810346
0.00999970565801022
0.00999966472331781
0.00999963494310831
0.00999962915364589
0.00999965402768588
0.00999971033093096
0.00999979406729655
0.00999989798823244
0.0100000131295635
0.0100001301775521
0.0100002405712589
0.0100003372950078
0.0100004153496953
0.0100004719162503
0.010000506252718
0.0100005193962462
0.0100005137509502
0.0100004926412572
0.01000045989465
0.0100004194888739
0.0100003752860509
0.0100003308448411
0.0100002893031827
0.0100002533054284
0.0100002249669674
0.0100002058520926
0.0100001969561547
0.0100001986896299
0.0100002108556683
0.0100002326286271
0.0100002625311346
0.0100002984288608
0.0100003375508358
0.0100003765532363
0.0100004116413336
0.0100004387684229
0.010000453913375
0.0100004534478913
0.0100004345791022
0.010000395835956
0.0100003375676411
0.0100002623782269
0.010000175391568
0.0100000842089064
0.00999999834781909
0.00999992794547755
0.00999988156539536
0.00999986322102285
0.00999986929076556
0.00999988671007611
0.00999989415492577
0.00999986714145417
0.00999978587470127
0.00999964257610001
0.00999944476868586
0.00999921314905489
0.00999897550732624
0.00999875962490648
0.00999858765324705
0.00999847309904391
0.00999842028690861
0.00999842558108439
0.00999847952854244
0.00999856929078858
0.0099986809186204
0.00999880123121437
0.00999891915570963
0.00999902650939745
0.00999911825649446
0.00999919233444266
0.00999924917422056
0.00999929104701633
0.00999932135111234
0.00999934394640028
0.0099993625927464
0.00999938054354885
0.00999940030316201
0.00999942353547893
0.00999945110684172
0.00999948322322392
0.00999951963026947
0.00999955984999922
0.00999960341423677
0.00999965009173
0.00999970007038796
0.00999975408804143
0.00999981347179251
0.0099998800447191
0.00999995584549319
0.0100000425984133
0.0100001408916328
0.0100002491113284
0.010000362311752
0.0100004714005549
0.0100005631693427
0.0100006216283534
0.0100006307242833
0.010000577888644
0.0100004573237232
0.01000027188705
0.0100000329491172
0.00999975839398584
0.00999946952615161
0.00999918780384684
0.00999893211164274
0.00999871692321662
0.0099985514046572
0.00999843931392439
0.00999837950848829
0.00999836684919941
0.00999839332589723
0.00999844925767079
0.00999852444920588
0.00999860921853972
0.00999869524012573
0.00999877616072704
0.00999884794162971
0.00999890889492434
0.0099989594050943
0.00999900138334231
0.0099990375737376
0.009999070836334
0.00999910355717964
0.00999913727119727
0.00999917253135547
0.00999920900923098
0.00999924576033001
0.00999928158767446
0.00999931543864684
0.00999934676144882
0.00999937579488401
0.00999940374046318
0.0099994327906646
0.00999946599183084
0.00999950689988521
0.00999955902743568
0.00999962509581695
0.00999970618088332
0.00999980091278905
0.00999990498272112
0.0100000112021899
0.010000110274697
0.010000192204253
0.0100002480208045
0.0100002713464089
0.0100002593851794
0.0100002131420288
0.0100001369598586
0.0100000376465299
0.00999992348634681
0.00999980335670069
0.00999968601354514
0.00999957951502352
0.00999949068243879
0.00999942452422144
0.00999938364667859
0.0099993677811858
0.0099993736658938
0.00999939550917722
0.00999942610658414
0.0099994584424861
0.00999948733291308
0.00999951057191381
0.00999952913061944
0.00999954629385534
0.00999956594720198
0.00999959058734456
0.00999961972371119
0.00999964930816331
0.00999967252489199
0.00999968180482341
0.00999967144500165
0.00999963990848373
0.00999959096831073
0.00999953328397703
0.00999947859237792
0.00999943917297226
0.00999942533411196
0.00999944353540277
0.00999949542108004
0.00999957775087931
0.00999968303080253
0.00999980058988568
0.00999991788258882
0.0100000218550611
0.0100001002831344
0.0100001430319089
0.0100001431832665
0.0100000979788278
0.0100000094614937
0.0099998846258257
0.00999973480612345
0.00999957396571723
0.00999941562633526
0.00999926856104513
0.00999913220003939
0.00999899380090338
0.00999882994506723
0.00999861371399544
0.00999832572504264
0.00999796416546211
0.00999754881073218
0.00999711729856389
0.00999671584773723
0.00999638837878869
0.00999616730991515
0.0099960677524364
0.00999608576262505
0.00999620078737263
0.00999638181988258
0.00999659564649295
0.00999681439447996
0.00999701963720908
0.00999720211561068
0.0099973588074401
0.00999749035562432
0.00999760060093487
0.00999769735838476
0.00999779227462162
0.00999789862957484
0.00999802792566877
0.00999818704252787
0.00999837721970474
0.00999859495974234
0.0099988341487018
0.00999908848711609
0.00999935353603526
0.00999962799349326
0.00999991401314294
0.0100002164756882
0.0100005411127785
0.0100008914522293
0.0100012648045107
0.0100016481265529
0.0100020154249872
0.0100023288161781
0.0100025446313362
0.0100026236254888
0.0100025417541927
0.0100022970999208
0.0100019103376654
0.0100014192703071
0.0100008702988935
0.0100003101160153
0.00999977987445627
0.00999931250532924
0.00999893260737963
0.00999865767068429
0.00999849935382301
0.00999846395201571
0.00999855186678585
0.0099987565678182
0.00999906394986825
0.00999945284605582
0.00999989691355481
0.0100003674393217
0.010000836274928
0.0100012782415707
0.0100016727120729
0.0100020044117077
0.0100022636407952
0.010002446099097
0.0100025524492555
0.0100025876866655
0.0100025603557854
0.0100024816429137
0.0100023643921808
0.0100022221464968
0.0100020683473458
0.0100019158008489
0.0100017764539074
0.0100016614506714
0.0100015813292048
0.0100015461665148
0.0100015653702257
0.0100016467363481
0.0100017943555475
0.0100020050324056
0.010002263416046
0.0100025370346738
0.0100027738504572
0.0100029057860858
0.010002860444927
0.0100025794780497
0.0100020374879842
0.0100012535577059
0.0100002900960961
0.00999923922836612
0.00999820206082028
0.00999726842334753
0.00999650353737242
0.0099959443796836
0.00999560444129625
0.00999548286056464
0.00999557361729869
0.00999587177666018
0.009996375617771
0.00999708490333271
0.00999799629209545
0.00999909737111402
0.0100003611041045
0.0100017426660475
0.0100031801279412
0.010004599240615
0.0100059209589085
0.0100070693124653
0.0100079774564083
0.0100085911064595
0.0100088702062713
0.0100087906425579
0.0100083474657722
0.0100075595066506
0.0100064733399236
0.0100051634243365
0.0100037260111536
0.0100022669127377
0.0100008861521128
0.00999966408897788
0.0099986529649646
0.00999787544217518
0.00999732906212823
0.00999699388730531
0.00999684034804501
0.00999683521298851
0.009996944909746
0.00999713661300088
0.0099973782474832
0.00999763874291354
0.00999788950388681
0.00999810725976601
0.00999827745512012
0.00999839671905112
0.00999847307796898
0.00999852345370012
0.00999856914612376
0.00999863067795884
0.00999872342105563
0.00999885485613967
0.00999902366643659
0.00999922039905964
0.00999942922893765
0.00999963034486645
0.0099998025899123
0.00999992606402948
0.00999998444956965
0.00999996685608339
0.00999986901632279
0.00999969373000974
0.00999945052918089
0.00999915465754253
0.0099988255150057
0.0099984848164854
0.00999815466364459
0.00999785572729478
0.00999760564742758
0.00999741770572348
0.00999729980438895
0.00999725380847245
0.00999727533136534
0.00999735404683738
0.009997474612105
0.00999761820953433
0.00999776466996921
0.0099978950155082
0.00999799411903098
0.00999805298903846
0.00999806998705298
0.00999805027448664
0.00999800305013333
0.00999793682617634
0.00999785400201418
0.00999774694117978
0.00999759795311252
0.00999738446214118
0.00999708826200827
0.00999670528600065
0.00999625152563148
0.00999576237496669
0.00999528581743029
0.00999487243466806
0.00999456570545716
0.00999439463607102
0.00999436878230316
0.00999447479970641
0.00999467464326042
0.0099949079184284
0.00999510234398792
0.00999519362123032
0.00999514879893131
0.00999498117039159
0.00999474712601165
0.00999452584824294
0.00999439222223073
0.00999439476487524
0.0099945451623325
0.00999481970137821
0.00999516907722716
0.00999553198948146
0.00999584852238279
0.00999607054378603
0.0099961678390755
0.00999613005070555
0.0099959653814105
0.00999569730791115
0.00999536024549875
0.00999499459378218
0.00999464130779963
0.00999433616822967
0.00999410422631122
0.00999395520303443
0.00999388084505998
0.00999385540030384
0.00999384023154605
0.00999379287428094
0.00999367939845163
0.00999348731781911
0.00999323553471069
0.00999297853560001
0.00999280380536057
0.00999282285003705
0.00999315548917195
0.00999390376895281
0.00999510912510537
0.00999669399283211
0.00999841721982378
0.00999990403658943
0.0100007825437467
0.0100008529936069
0.0100001632006718
0.00999895088866823
0.0099975211795422
0.00999614151430304
0.0099949894161931
0.00999414656658443
0.00999361768104506
0.00999335641849781
0.0099932894860792
0.00999333650344729
0.0099934254759111
0.00999350358306384
0.00999354261399454
0.00999353893182372
0.00999350892227449
0.00999348172852745
0.00999349117923957
0.00999356837975406
0.00999373590096243
0.00999400390105123
0.00999436810376259
0.00999480932005893
0.00999529430635564
0.00999577805519935
0.00999620788808477
0.00999652967206626
0.00999669602252175
0.009996675567334
0.00999646143063408
0.00999607649811082
0.00999557303236447
0.00999502520124943
0.00999451498993042
0.00999411441743515
0.00999386907499376
0.00999378879097641
0.0099938494676462
0.00999400588101698
0.00999420999353926
0.00999442667549359
0.00999464087121637
0.00999485555780861
0.00999508432351463
0.00999534333988764
0.00999564573278315
0.00999599886746051
0.00999640359625914
0.00999685426840678
0.00999733880278965
0.00999783888207178
0.00999833082280829
0.00999878776262782
0.00999918333423391
0.00999949622313687
0.00999971430489202
0.00999983693824678
0.00999987457588495
0.00999984585498366
0.00999977320398778
0.00999967835381419
0.00999957888432733
0.00999948637853304
0.00999940617597879
0.00999933833033987
0.00999927922516509
0.00999922336735191
0.00999916499077888
0.0099990992725893
0.00999902310080036
0.00999893541446023
0.0099988372017165
0.00999873125541033
0.00999862177755235
0.00999851390431927
0.00999841320456867
0.009998325197269
0.0099982549159692
0.00999820655386529
0.00999818320733552
0.00999818673723624
0.00999821774027821
0.00999827562632015
0.00999835877505625
0.0099984647319429
0.00999859042467206
0.00999873236757704
0.00999888683412441
0.00999904999223285
0.00999921800058735
0.00999938706243493
0.00999955345586166
0.00999971354286323
0.00999986376766755
0.0100000006583206
0.0100001208369838
0.0100002210502516
0.0100002982298803
0.0100003495821695
0.0100003727187777
0.0100003658183244
0.0100003278129976
0.0100002585856969
0.0100001591602574
0.0100000318595308
0.00999988040669748
0.0099997099527183
0.00999952702645749
0.0099993393868255
0.00999915577881666
0.00999898557667151
0.0099988382629457
0.00999872267621141
0.00999864592888594
0.00999861193562649
0.00999861960917984
0.00999866105957028
0.00999872045030143
0.00999877451539424
0.00999879558203192
0.00999875717199061
0.00999864091070048
0.00999844231983601
0.00999817306014596
0.00999785859673469
0.00999753220783018
0.00999722760166067
0.00999697246891222
0.0099967844317477
0.00999666976784685
0.00999662447127548
0.00999663684595771
0.00999669078363594
0.00999676900940902
0.0099968558037562
0.00999693892021837
0.00999701062239719
0.00999706790771462
0.00999711203273268
0.00999714753076784
0.0099971809270655
0.00999721936441019
0.00999726937484546
0.00999733596768129
0.00999742210475349
0.00999752857267792
0.00999765418392849
0.00999779618432707
0.00999795076083137
0.00999811355909048
0.00999828013846615
0.00999844632531875
0.00999860845272935
0.00999876347877354
0.00999890899721568
0.00999904316134675
0.00999916454146196
0.00999927194810003
0.00999936425718144
0.00999944027255786
0.00999949866029959
0.00999953798515846
0.00999955683866371
0.00999955405389394
0.00999952894875024
0.00999948154401078
0.00999941270657431
0.00999932417643436
0.00999921848291001
0.0099990987820592
0.00999896865258457
0.00999883191802524
0.00999869250923539
0.0099985544059405
0.00999842161260876
0.00999829815309052
0.00999818801947687
0.00999809501263595
0.00999802244134226
0.00999797268428823
0.00999794665209038
0.00999794329221036
0.00999795927781944
0.00999798906593423
0.0099980254085465
0.00999806031244653
0.00999808631283455
0.00999809782013998
0.0099980922673571
0.00999807082636455
0.0099980385084689
0.00999800356634777
0.00999797615441975
0.00999796627103796
0.00999798111286858
0.00999802224391471
0.00999808339834452
0.00999815019924796
0.009998202990081
0.00999822284641224
0.00999819874745821
0.00999813238267616
0.00999803784228986
0.009997936408039
0.00999784940311298
0.00999779248703604
0.00999777315846758
0.00999779127448239
0.00999784139292605
0.00999791568574584
0.00999800660540114
0.00999810888384793
0.00999822070393274
0.00999834385375117
0.00999848262159466
0.00999864107217915
0.00999881857743312
0.00999900428533631
0.00999917270545257
0.00999928391986647
0.00999929121875207
0.00999915510798911
0.00999885771932243
0.00999841040061674
0.0099978512583216
0.00999723526544909
0.00999662254472361
0.00999606945350265
0.00999562409616581
0.00999532514831922
0.00999520160934174
0.00999527149122179
0.0099955389571381
0.00999599132666657
0.00999659840396823
0.0099973158832021
0.00999809238993153
0.00999887762414811
0.00999962873255728
0.0100003133876748
0.0100009098043959
0.0100014047656302
0.0100017905771605
0.0100020614742007
0.0100022102022447
0.0100022262438663
0.01000209742084
0.0100018152390641
0.0100013818412351
0.0100008148867214
0.0100001477099452
0.00999942487746752
0.00999869551290998
0.00999800712265416
0.00999740150901327
0.00999691281050728
0.00999656656881017
0.0099963783002785
0.00999635035369099
0.00999646717092772
0.00999669124851192
0.00999696419134828
0.0099972168161332
0.00999738751660294
0.00999744144381903
0.00999738069737986
0.00999724076818373
0.00999707657377615
0.00999694591616759
0.00999689701404218
0.00999696268116102
0.00999716019252754
0.00999749431158884
0.00999796112801508
0.00999855120647902
0.00999925144359692
0.0100000455861955
0.0100009136597355
0.0100018305816512
0.0100027642037296
0.0100036730211032
0.0100045039854951
0.0100051916211993
0.0100056609186772
0.010005837278098
0.0100056645596466
0.0100051258390487
0.0100042555073483
0.0100031340364824
0.0100018677905923
0.0100005649113955
0.0099993175020986
0.00999819381739865
0.00999723873794115
0.00999647881704437
0.00999592857225998
0.00999559568589067
0.00999548363846672
0.0099955908685448
0.00999590624615972
0.00999640196816595
0.00999702715322184
0.00999770738570139
0.0099983547558055
0.00999888760115841
0.00999925180167936
0.00999943296128252
0.00999945429377554
0.00999936353900758
0.00999921659116493
0.00999906421365187
0.00999894438067529
0.00999887975828018
0.00999887858018133
0.009998937250308
0.00999904361238222
0.00999918047857722
0.00999932937089785
0.00999947448322087
0.0099996064662115
0.00999972490256988
0.00999983766639239
0.00999995577156591
0.0100000847484282
0.0100002172656872
0.0100003329371755
0.0100004070283105
0.0100004227150393
0.010000378537435
0.0100002867608268
0.0100001650935931
0.0100000277026719
0.00999988013024876
0.00999971919423029
0.00999953636544119
0.00999932238016638
0.00999907137445962
0.00999878369147024
0.00999846718740318
0.009998137264492
0.00999781599775715
0.00999753072690912
0.00999731231618717
0.00999719305479762
0.00999720383236839
0.00999736992375926
0.00999770474437606
0.00999820167138532
0.00999882596186876
0.00999951133518211
0.0100001667959286
0.0100006956814037
0.0100010211678122
0.0100011066313284
0.0100009615575491
0.0100006323936583
0.0100001852385275
0.00999968873833619
0.00999920242046025
0.0099987715835591
0.00999842720660363
0.00999818839110836
0.00999806511898663
0.00999805982933858
0.00999816719154339
0.00999837242560125
0.00999864941849664
0.00999896042119671
0.0099992588501176
0.00999949556824408
0.00999962746053736
0.00999962599815225
0.00999948319893991
0.00999921306824287
0.00999884805543123
0.00999843183379853
0.00999801091460273
0.00999762762480773
0.0099973159718017
0.00999710059951301
0.0099969980994108
0.00999701952739589
0.00999717297096546
0.00999746506670477
0.00999790045854969
0.00999847825870956
0.00999918510736873
0.00999998594971295
0.0100008164981609
0.010001584180333
0.0100021834826194
0.0100025239355204
0.0100025585793543
0.0100022978567375
0.0100018026836994
0.0100011627578873
0.0100004717576081
0.00999980860730361
0.00999922822345213
0.00999876057980038
0.00999841493099188
0.00999818606134867
0.00999806035536106
0.00999802058510297
0.00999804906759304
0.00999812933535709
0.00999824666061117
0.00999838784243956
0.00999854069469268
0.00999869356588047
0.00999883514208062
0.00999895462246388
0.00999904227059916
0.00999909027902063
0.0099990937881645
0.00999905181458554
0.00999896782455019
0.00999884979037516
0.00999870973459422
0.00999856293674692
0.00999842714915474
0.00999832212610008
0.00999826967713413
0.00999829416228897
0.00999842301933001
0.00999868642370007
0.00999911456969711
0.00999973040491291
0.0100005357764172
0.0100014915451374
0.0100024991424295
0.0100033998231747
0.0100040072959678
0.0100041688219668
0.0100038227248699
0.0100030181805271
0.0100018905969303
0.0100006128997643
0.0099993485436407
0.00999822179236266
0.00999730805038184
0.00999663903482438
0.00999621516670868
0.00999601888035132
0.00999602506649146
0.00999620716802758
0.00999653890739122
0.00999699254059336
0.00999753524814503
0.0099981260547676
0.00999871598762495
0.00999925330820298
0.00999969303961674
0.010000006835352
0.0100001882290935
0.0100002508406979
0.0100002213049358
0.0100001309929104
0.0100000098213224
0.00999988325199619
0.00999977191404146
0.00999969266689056
0.00999966006544606
0.00999968751123093
0.00999978755815366
0.00999997087872881
0.0100002433472671
0.010000600855956
0.0100010222453175
0.0100014624264654
0.010001850010832
0.0100020945867227
0.0100021056404327
0.0100018181308738
0.0100012138762909
0.0100003288904081
0.00999924418548094
0.00999806546291295
0.00999690052558692
0.0099958418847391
0.00999495808974323
0.00999429351139394
0.00999387392336765
0.00999371459747018
0.00999382800319398
0.0099942288549108
0.00999493458712668
0.00999595932760497
0.00999730012665768
0.00999891695500844
0.0100007138632004
0.0100025346717623
0.010004184961238
0.0100054779167715
0.0100062835531875
0.0100065569403707
0.0100063355875148
0.0100057144569763
0.0100048144262113
0.0100037561278259
0.0100026437616223
0.0100015582304179
0.0100005568569321
0.00999967677617522
0.00999893962158634
0.00999835569265363
0.00999792620955692
0.00999764278169991
0.00999748410192115
0.00999741163120014
0.00999736832899963
0.00999728560288026
0.00999710087192843
0.00999678068779507
0.00999633758013408
0.00999582992064538
0.00999534397671099
0.00999496776142874
0.00999476905143487
0.00999478481735772
0.00999502186709848
0.00999546401155722
0.00999608067912223
0.00999683385675453
0.00999768249340487
0.0099985848193502
0.00999949956252186
0.010000386872806
0.0100012094978908
0.0100019343786987
0.010002534563263
0.0100029911473831
0.0100032947588571
0.010003446036466
0.0100034545935345
0.0100033363328811
0.0100031096781891
0.0100027918859967
0.0100023966797641
0.0100019338342164
0.0100014104469064
0.0100008330893695
0.0100002099620571
0.00999955240715542
0.00999887557338197
0.00999819838305472
0.00999754314357731
0.00999693509512244
0.0099964019500674
0.00999597301093526
0.00999567698809628
0.0099955373131605
0.00999556419684105
0.00999574468473197
0.00999603565330417
0.00999636762655234
0.00999666425558447
0.00999687105680979
0.00999697660183557
0.00999701266722326
0.00999703535673719
0.00999710092144559
0.00999724880838835
0.00999749603063703
0.00999784000672388
0.00999826501905612
0.00999874865103768
0.00999926656394438
0.00999979543905747
0.0100003145461519
0.010000806513924
0.0100012576891835
0.0100016582088446
0.0100020017064155
0.0100022845246225
0.0100025043751064
0.0100026586045229
0.0100027425865933
0.0100027489259456
0.0100026680501702
0.0100024901617106
0.0100022078930727
0.0100018188084923
0.01000132710196
0.0100007442126005
0.0100000883900591
0.00999938345510235
0.00999865709956263
0.00999793910704364
0.00999725983833286
0.00999664920404746
0.00999613611143941
0.00999574808466923
0.00999551038365082
0.00999544365863907
0.00999555925113787
0.00999585214128049
0.0099962936199378
0.00999682840040297
0.00999738147940744
0.00999787573621527
0.00999825344862084
0.00999849071070812
0.00999859824579065
0.00999861100236466
0.00999857402717791
0.00999853103270098
0.0099985181521746
0.00999856220486674
0.00999868148086158
0.0099988871054899
0.00999918363669922
0.00999956836209804
0.0100000296252108
0.0100005452990634
0.0100010828417552
0.0100016018365408
0.0100020585342459
0.0100024107296538
0.0100026213272933
0.010002660253951
0.010002505731232
0.0100021463425739
0.0100015845209435
0.0100008405782127
0.00999995498433267
0.00999898651273239
0.00999800556245655
0.00999708443303651
0.0099962878139822
0.00999566633304006
0.00999525430480614
0.00999507099776955
0.00999512355042938
0.00999540935075266
0.00999591604928766
0.00999661846854059
0.00999747349834045
0.00999841644845251
0.00999936366221641
0.0100002243547979
0.0100009190426265
0.0100013966611562
0.0100016425931924
0.0100016754815686
0.0100015364753892
0.0100012765020639
0.0100009456664633
0.0100005864440133
0.0100002305558951
0.00999989862212811
0.00999960157353487
0.0099993429882826
0.00999912182722324
0.00999893524423399
0.00999878127117598
0.0099986610376978
0.00999857982055453
0.00999854575365178
0.00999856512335864
0.0099986349187825
0.00999873668149158
0.0099988378982964
0.00999890361413095
0.00999891234001619
0.00999886528112418
0.00999878297893836
0.00999869342760237
0.00999862033646227
0.00999857713841011
0.00999856693372918
0.00999858567984979
0.00999862597359953
0.00999868002789452
0.00999874151573041
0.00999880646282674
0.00999887351967005
0.00999894387578596
0.00999902095955001
0.00999910997733123
0.00999921723798025
0.00999934917857758
0.00999951095751817
0.00999970457036409
0.00999992661259705
0.0100001661295146
0.0100004034122994
0.010000610778565
0.0100007560693304
0.0100008085798969
0.0100007458397369
0.0100005589219579
0.0100002544466445
0.00999985288587539
0.00999938431042368
0.00999888344863667
0.00999838570084421
0.00999792497235789
0.00999753323956397
0.00999724105664458
0.00999707774207349
0.00999706987639341
0.00999723706397814
0.00999758496781494
0.00999809738087817
0.00999873088662604
0.00999941607538561
0.0100000672417751
0.010000598705213
0.0100009425807647
0.0100010621819596
0.0100009571115755
0.0100006593123649
0.0100002223903859
0.00999970830768385
0.00999917555265104
0.00999867145077583
0.00999822925435752
0.00999786911115513
0.00999760132442488
0.00999743033211136
0.00999735821351697
0.00999738691230754
0.00999751862728118
0.00999775395671944
0.00999808764422677
0.00999850252825809
0.00999896375980351
0.0099994171920147
0.00999979606540609
0.0100000367527841
0.0100000979089402
0.00999997339388253
0.00999969245630706
0.00999930852408999
0.0099988835047313
0.00999847435589899
0.00999812511382676
0.0099978642388844
0.00999770552471837
0.00999765073258515
0.00999769265794783
0.00999781796116584
0.0099980095288383
0.00999824836650425
0.0099985151002706
0.00999879116606765
0.00999905972166705
0.0099993063035904
0.00999951923165123
0.00999968978724512
0.00999981220978741
0.00999988356354696
0.00999990351520384
0.00999987404656628
0.00999979906056011
0.0099996838445727
0.00999953437337308
0.00999935655505457
0.00999915563241072
0.00999893598242665
0.00999870145039713
0.00999845614769318
0.00999820550170212
0.00999795730497244
0.00999772257186557
0.00999751607239378
0.00999735640207045
0.00999726534950022
0.00999726610051086
0.00999737957798691
0.00999761823634491
0.00999797748767196
0.00999842720143999
0.00999890874186138
0.00999934375213695
0.00999965546379981
0.00999979351709101
0.00999974862060759
0.0099995500425309
0.00999925025044084
0.00999890654267723
0.00999856723800962
0.00999826493134962
0.00999801579835652
0.00999782274546888
0.00999768043156895
0.00999758071803622
0.0099975173181557
0.009997488284282
0.00999749498368056
0.00999753735683436
0.00999760778200227
0.00999768807127021
0.00999775295011441
0.00999777868510779
0.0099977516091317
0.0099976719062117
0.00999755182528491
0.00999741056366801
0.00999726867871106
0.00999714384075234
0.00999704848758333
0.0099969891516512
0.00999696695390374
0.00999697875883284
0.00999701860545481
0.00999707914433181
0.00999715291061767
0.00999723332706913
0.00999731538647851
0.0099973959852051
0.00999747392188536
0.00999754960498553
0.00999762454936484
0.00999770078970487
0.009997780338364
0.0099978648191759
0.00999795535399084
0.00999805273094967
0.0099981577944054
0.00999827196099096
0.00999839769169104
0.0099985387294272
0.0099986998899227
0.00999888616348356
0.00999910092570931
0.00999934319055699
0.00999960420776751
0.00999986439658368
0.0100000925441951
0.0100002496648021
0.010000298874789
0.0100002192950791
0.0100000178051023
0.0099997312881692
0.00999941647354942
0.0099991320605414
0.0099989220974252
0.00999880741279889
0.00999878623983209
0.0099988408592982
0.00999894608384515
0.00999907664198146
0.00999921220263186
0.00999933997104476
0.00999945533763749
0.00999956115797879
0.009999666091491
0.00999978222141975
0.00999992201763676
0.0100000946682141
0.01000030200574
0.0100005347112709
0.0100007700693197
0.0100009728576112
0.0100011004846531
0.0100011119952688
0.0100009786349261
0.0100006924519544
0.0100002698114181
0.00999974855207748
0.00999917989165247
0.00999861798458176
0.00999811057565799
0.009997693455007
0.00999738979237728
0.00999721368165237
0.00999717591630625
0.00999728936596334
0.0099975711864557
0.0099980397582963
0.00999870618079704
0.00999956355549319
0.0100005798197099
0.0100016985967467
0.010002847471176
0.0100039489619962
0.0100049297665244
0.0100057268099862
0.0100062908471842
0.0100065887102112
0.0100066047949681
0.0100063417834751
0.0100058203802387
0.0100050777975894
0.0100041648563722
0.0100031418116217
0.0100020732650921
0.0100010227865805
0.0100000479738084
0.0099991966225893
0.00999850440986379
0.00999799408808445
0.00999767580446296
0.00999754790530808
0.00999759760190455
0.00999780119256644
0.00999812410816626
0.00999852164548344
0.00999894157005382
0.00999932943109243
0.00999963625817629
0.00999982682625345
0.00999988577230109
0.00999981934975216
0.00999965234055632
0.0099994215280793
0.00999916813256086
0.0099989313198385
0.00999874388565991
0.00999863012365087
0.00999860524360239
0.00999867554731616
0.0099988388396873
0.00999908490437831
0.00999939629734745
0.00999974981225832
0.0100001188864368
0.010000476783265
0.0100007999077009
0.010001070370922
0.0100012771114742
0.0100014154179523
0.0100014852839409
0.0100014893154139
0.0100014308537322
0.0100013127147462
0.010001136669779
0.0100009036679076
0.0100006147258276
0.0100002723949799
0.00999988254860586
0.00999945603396775
0.00999900953787864
0.00999856507684137
0.00999814792839028
0.00999778346425496
0.00999749382991101
0.00999729548140385
0.00999719818976116
0.00999720551688205
0.00999731623367697
0.00999752591062981
0.0099978279317478
0.00999821340083463
0.00999866979392884
0.0099991787321704
0.00999971387894382
0.010000240502119
0.010000718165025
0.0100011068602174
0.0100013749821276
0.0100015060617242
0.010001501508053
0.0100013785858522
0.0100011650088669
0.0100008924843676
0.0100005911952356
0.0100002862098087
0.00999999590438611
0.00999973198485712
0.00999950050919083
0.00999930336836585
0.00999913980861825
0.00999900773135525
0.00999890465262832
0.00999882829261623
0.00999877684858143
0.00999874899161102
0.0099987436614336
0.00999875970625797
0.0099987954592037
0.00999884836150487
0.0099989147511567
0.00999898988234435
0.00999906820616161
0.00999914386376171
0.00999921130330793
0.00999926591341452
0.00999930454731823
0.00999932584288504
0.00999933025986319
0.00999931979955014
0.00999929740006257
0.00999926602160542
0.00999922746262767
0.00999918101088198
0.00999912215525634
0.00999904174834194
0.00999892614677632
0.00999875882456168
0.00999852365021496
0.00999820949634203
0.00999781529288479
0.0099973542860169
0.00999685629380392
0.00999636699426994
0.00999594361938098
0.00999564667675357
0.00999552776958323
0.00999561489264432
0.00999589934526314
0.0099963314622063
0.00999683180796477
0.00999731658879741
0.00999772517300417
0.00999803492378585
0.00999825801163556
0.00999842658179325
0.00999857650164312
0.00999873624415009
0.00999892222552511
0.00999913891029616
0.00999938138816965
0.00999963879447878
0.0099998977668793
0.0100001457083678
0.0100003737193418
0.0100005787183795
0.0100007637537593
0.0100009354182217
0.0100010984786623
0.0100012502486846
0.010001378899454
0.0100014682538166
0.0100015067875069
0.0100014947821392
0.0100014446563032
0.0100013744472294
0.0100012988290473
0.0100012226508485
0.0100011394216198
0.0100010342280111
0.0100008890378456
